1:"0.28003056,-0.017351949,-0.10524618,-0.99700524,-0.9919519,-0.99088219,-0.99706523,-0.99250103,-0.98972236,-0.94251059,-0.57131514,-0.81966779,0.85190119,0.69118304,0.83878502,-0.99549419,-0.99998193,-0.99995672,-0.99982522,-0.9967439,6.0"
2:"-0.87239538,0.1546078,0.33075342,-0.060639404,-0.30688449,0.06857798400000001,-0.10426969,-0.24459195,0.14741974,-0.83507417,0.039750683,0.27674843,-0.70218484,0.64224635,0.79984485,0.072343448,-0.29159684,-0.85311126,-0.20509594,-0.14242466,6.0"
3:"0.16830274,-0.018619489,-0.05469571,-0.24842517,0.034994022,-0.2684973,-0.28172069,0.022193106,-0.26545061,-0.13257279,-0.056604742,-0.30108423,0.13631085,-0.059691657,0.38167955,-0.097237054,-0.71388931,-0.79291376,-0.75309301,-0.31708652,1.0"
4:"0.31634897,-0.051397213,-0.069656476,-0.39990667,-0.31169523,-0.12686989,-0.40480217,-0.31988822,-0.14773967,-0.32592299,-0.20036429999999997,-0.16528211,0.28370327,0.34850224,0.30215134,-0.23771401,-0.81830467,-0.90541253,-0.6545276999999999,-0.46969237,1.0"
5:"0.33088458,0.011417127,-0.30251751,-0.40604465,-0.099746348,-0.08728796400000001,-0.45214983,-0.11063233,-0.06548856,-0.21867298,-0.12050775,-0.30541594,0.40625586,0.30897589,0.36634209,-0.15533843,-0.82170061,-0.84140606,-0.56989156,-0.57756604,2.0"
6:"0.17779799,-0.026762986,-0.18215308,0.32048714,0.28453352,-0.31291746,0.30487476,0.21110028,-0.32200029999999996,0.41936807,-0.084529285,-0.39336619,-0.21417567,-0.49040882,0.3335263,0.26750955,-0.12655083,-0.68204874,-0.77725978,0.24786087,3.0"
7:"0.26677822,-0.016327384,-0.10877042,-0.96629565,-0.97322554,-0.97910925,-0.96753538,-0.97081245,-0.97697002,-0.91965534,-0.56400354,-0.81491318,0.82046004,0.68357936,0.83583921,-0.96923108,-0.99926698,-0.99975992,-0.99951377,-0.96816338,6.0"
8:"0.39052715,-0.011742366,-0.067125388,-0.30829041,0.052510101,-0.36619913,-0.35536285,0.072635184,-0.34299755,-0.047398592,-0.13799851,-0.41993469,0.32897512,0.16041695,0.50446545,-0.15985424,-0.75688219,-0.78586524,-0.81409151,-0.44119999,2.0"
9:"0.27157798,0.031861245,-0.10773083,-0.44425848,-0.13977488,-0.5011188,-0.49952403,-0.13132148,-0.49633305,-0.37467025,-0.14140635,-0.41304786,0.32835154,0.27219615,0.66748005,-0.32774411,-0.84424406,-0.85206465,-0.88481957,-0.59826388,1.0"
10:"0.35006469,-0.043108659,-0.26331135,-0.41036292,-0.17539352,-0.16918479,-0.47170618,-0.14990026,-0.17110444,-0.19003834,-0.088918964,-0.21378688,0.41839241,0.36581982,0.43562447,-0.21005446,-0.82377118,-0.86668993,-0.65318373,-0.62637306,2.0"
11:"0.27814006,-0.016258787,-0.10940422,-0.99812277,-0.97146729,-0.99005629,-0.99828223,-0.97215303,-0.98970551,-0.94243196,-0.55756832,-0.8189303000000001,0.8513212,0.68145969,0.8458757,-0.99087986,-0.99999063,-0.99973451,-0.99981839,-0.99806278,5.0"
12:"0.23690107,-0.017607399,-0.10244162,-0.98223308,-0.98003856,-0.98137767,-0.98317476,-0.97905033,-0.98167108,-0.9389744000000001,-0.56965256,-0.8105017,0.82211804,0.68766325,0.83859504,-0.97528702,-0.99943376,-0.99984729,-0.99953531,-0.98346987,6.0"
13:"0.2269563,-0.011145835,-0.085405118,-0.19657033,-0.14708527,-0.34940388,-0.29236418,-0.1726459,-0.37231179999999997,0.26206694,-0.032805115,-0.15607812,0.29188068,0.14871582,0.48856775,-0.18953474,-0.67551838,-0.85872777,-0.80622075,-0.54941886,3.0"
14:"0.27788779,-0.018180212,-0.10692821,-0.9962534,-0.99398783,-0.98712891,-0.99624597,-0.99420912,-0.98535622,-0.93848665,-0.5738312,-0.82180683,0.85123639,0.69144565,0.84460746,-0.99436486,-0.99997735,-0.9999681,-0.99974569,-0.99577729,4.0"
15:"0.21843518,-0.0065395063,-0.10683856,-0.32894525,-0.15976382,-0.25149535,-0.35450148,-0.16083562,-0.27538070000000003,-0.17739764,-0.030466091,-0.20202377,0.29398469,0.15396412,0.33169834,-0.20181959,-0.77281104,-0.86270892,-0.7461696999999999,-0.40186394,1.0"
16:"0.3080432,-0.027329283,-0.14022197,-0.97452606,-0.96197777,-0.92594823,-0.97317968,-0.95731377,-0.91642835,-0.91312502,-0.57142025,-0.80388257,0.84445397,0.67589896,0.811405,-0.94462838,-0.99938108,-0.99939254,-0.9950483,-0.97105791,4.0"
17:"0.24847489,-0.0051395475,-0.099546702,-0.41659387,-0.26658815,-0.17906707,-0.47807354,-0.26999367,-0.1808865,-0.1048889,-0.13599542,-0.31855517,0.36164604,0.33787997,0.28052445,-0.27621999999999997,-0.82831449,-0.89493514,-0.6957178,-0.59388094,1.0"
18:"0.28342531,-0.016203385,-0.097128225,-0.99704778,-0.97285921,-0.98785117,-0.99747136,-0.97404253,-0.9880223,-0.93860892,-0.56637718,-0.8032079000000001,0.85021987,0.67443567,0.84721261,-0.98804712,-0.99997657,-0.99975437,-0.99958259,-0.9977530000000001,5.0"
19:"0.28023702,-0.018957679,-0.10726972,-0.99707669,-0.99384898,-0.98966128,-0.99747272,-0.99361463,-0.98933414,-0.9403408000000001,-0.57731838,-0.81791684,0.85129886,0.68836548,0.84470474,-0.99578777,-0.99998224,-0.99996324,-0.99980934,-0.99745782,4.0"
20:"0.22571228,-0.015722383,-0.10553341,0.095062899,0.34114544,-0.20826985,0.039813428,0.32453292,-0.33420084,0.44858912,0.02126267,-0.34561956,0.16057504,-0.099580527,0.12298263,0.14273764,-0.39934067,-0.65381145,-0.71666458,-0.14159751,3.0"
21:"0.27833220000000003,-0.01700362,-0.1116865,-0.99823176,-0.99171166,-0.98992232,-0.99804568,-0.99267792,-0.99041508,-0.94383966,-0.56737382,-0.81085575,0.85256286,0.69278233,0.84016142,-0.99632581,-0.99999125,-0.9999551,-0.99980021,-0.99738684,4.0"
22:"0.27691459999999996,-0.013276664,-0.10974388,-0.99836013,-0.98293077,-0.99323506,-0.99852534,-0.98100811,-0.99212414,-0.94458281,-0.5646813,-0.82564197,0.85237876,0.69282801,0.84359968,-0.9938326999999999,-0.99999205,-0.99985226,-0.99988653,-0.99839916,5.0"
23:"0.2250419,-0.091264496,-0.36960062,-0.12719559,-0.32877187,0.021111885,-0.17809992,-0.33300086,0.029919015,0.15733914,-0.18829286,-0.41491428,0.18458693,0.31276594,0.12596649,-0.02762942,-0.61744203,-0.90209583,-0.43236670000000005,-0.28539135,2.0"
24:"0.26689552,-0.0094239423,-0.08519007,-0.97325473,-0.87953542,-0.90937518,-0.97698255,-0.87821831,-0.90875622,-0.92057503,-0.49785502,-0.74440613,0.80085229,0.66374319,0.81466137,-0.93040058,-0.99950652,-0.9966779,-0.99433697,-0.98443193,4.0"
25:"0.27701495,-0.014439212,-0.10368149,-0.99783369,-0.99048982,-0.98884984,-0.99797355,-0.98916684,-0.98786494,-0.94264451,-0.57066592,-0.81599108,0.85165766,0.69474976,0.84735711,-0.99360041,-0.9999888000000001,-0.99993318,-0.99975997,-0.99747743,5.0"
26:"0.38002077,-0.040510571,-0.13901039,-0.85876042,-0.88803272,-0.88369419,-0.88267837,-0.89126254,-0.89223201,-0.83507417,-0.50568749,-0.68429669,0.62575124,0.64224635,0.79984485,-0.84814356,-0.98737114,-0.99620818,-0.99105624,-0.91259281,6.0"
27:"0.18155133,0.015986403,-0.16614154,-0.21471492,-0.0089788763,0.12841003,-0.28110618,-0.064101861,0.1434152,-0.12144027,0.20957708,-0.12595501,0.049721,0.26855908,0.026758927,-0.012149415,-0.68856867,-0.80800152,-0.42653781,-0.42188751,2.0"
28:"0.43906334,-0.028979532,-0.14925098,0.20752477,-0.23589028,-0.25317118,0.15228917,-0.2692441,-0.25908643,0.41766641,0.08430520300000001,-0.1520279,-0.14313645,0.24236629,0.13014669999999998,0.043988382,-0.26557718,-0.88610781,-0.7448121,-0.024865111,3.0"
29:"0.31205089,-0.0011914137,-0.11730152,0.033857873,-0.19032387,-0.26311693,-0.081312911,-0.21765187,-0.28692833,0.58430698,0.030188608,-0.39367574,0.21427424,0.25330471,0.24620623,-0.07057949599999999,-0.46460106,-0.87213056,-0.75370778,-0.32169548,3.0"
30:"0.27803836,-0.019016531,-0.10659311,-0.99796138,-0.98432594,-0.98378654,-0.9982562,-0.98409429,-0.98370204,-0.9385799000000001,-0.56556963,-0.80831823,0.85263625,0.6875945,0.8456663000000001,-0.99221488,-0.99998964,-0.9998868000000001,-0.99965324,-0.99810472,5.0"
